Search Number,Elapsed Time (s)
1,2.088524
2,2.176967
3,2.011585
4,1.948871
5,1.084817
6,2.322109
7,2.442214
8,2.202430
9,2.606011
10,1.276729
11,1.703412
12,1.899001
13,2.365301
14,2.681995
15,0.510760
16,2.107448
17,2.470263
18,2.664782
19,1.328517
20,1.664741
21,1.785457
22,1.607638
23,1.715175
24,2.134206
25,2.020937
26,1.632932
27,1.700973
28,1.787627
29,2.366849
30,1.500376
31,0.930568
32,1.843480
33,1.790037
34,1.531781
35,1.846964
36,2.474696
37,2.049645
38,2.512631
39,1.459745
40,2.164186
41,1.607747
42,1.849303
43,1.476807
44,2.259032
45,2.277731
46,1.534748
47,0.907063
48,1.401800
49,1.001731
50,2.343778
51,1.531948
52,1.528008
53,2.083686
54,1.656003
55,2.184162
56,1.867317
57,2.038749
58,1.570402
59,2.291639
60,2.842268
61,1.601448
62,2.397936
63,2.244902
64,2.234715
65,2.634255
66,3.176714
67,2.370479
68,2.316875
69,2.705775
70,2.813327
71,2.054951
72,1.238066
73,2.507691
74,2.129274
75,2.270366
76,1.502733
77,1.606654
78,2.634935
79,2.244937
80,1.570549
81,2.745044
82,2.455005
83,2.050740
84,2.180794
85,1.704026
86,2.101011
87,2.287341
88,0.956014
89,2.717146
90,2.082444
91,2.153036
92,1.563954
93,2.527160
94,2.036613
95,1.723086
96,1.898785
97,2.232509
98,1.611188
99,1.369748
100,1.535017
101,1.803787
102,2.972912
103,2.659950
104,2.808749
105,2.169088
106,1.604238
107,2.190256
108,1.818600
109,3.266119
110,1.794957
111,0.780798
112,2.897455
113,1.951148
114,2.109100
115,0.702491
116,1.101390
117,2.700167
118,2.745183
119,1.978659
120,2.287076
121,2.255216
122,2.034952
123,2.350757
124,1.295003
125,2.169858
126,3.139457
127,2.441627
128,2.338844
129,2.205480
130,1.658659
131,1.283861
132,1.975989
133,1.466276
134,1.828369
135,2.502789
136,1.102559
137,2.390781
138,2.275924
139,1.801244
140,1.318566
141,2.316889
142,1.972337
143,2.377480
144,1.677821
145,2.311737
146,2.131989
147,2.886339
148,1.775916
149,1.697345
150,1.201154
151,0.986159
152,2.229187
153,0.559827
154,2.876655
155,1.537702
156,2.073909
157,2.993616
158,1.914697
159,2.356132
160,1.969605
161,2.140946
162,2.026408
163,1.675680
164,1.806069
165,2.631904
166,2.379747
167,1.568558
168,2.481649
169,2.751000
170,1.658259
171,2.144060
172,1.223674
173,2.497954
174,2.107957
175,2.813762
176,2.573722
177,2.146221
178,2.292062
179,2.575849
180,2.139484
181,2.209630
182,2.252212
183,2.149505
184,2.376927
185,2.722989
186,1.638539
187,2.076046
188,2.035310
189,2.629135
190,2.326597
191,1.156869
192,1.980685
193,2.217046
194,1.757801
195,1.804466
196,1.598995
197,1.838130
198,2.451729
199,1.523540
200,2.600025
201,2.618845
202,2.322597
203,1.289541
204,1.698169
205,2.488174
206,1.898483
207,2.220961
208,1.368832
209,2.250022
210,2.597444
211,2.056419
212,1.307741
213,1.829556
214,1.523626
215,1.548604
216,1.607966
217,2.624241
218,2.688058
219,1.946861
220,2.760820
221,1.778882
222,1.331940
223,1.145440
224,3.263366
225,1.923872
226,2.449908
227,2.300228
228,1.941885
229,1.570607
230,1.783243
231,2.442267
232,2.573444
233,1.729137
234,2.220920
235,1.670644
236,1.454131
237,2.101645
238,0.999886
239,2.622139
240,2.967595
241,2.635234
242,2.400481
243,1.986560
244,1.884274
245,1.381718
246,1.424430
247,2.763533
248,0.759256
249,1.365721
250,2.535595
251,1.515001
252,1.355389
253,1.418338
254,0.971403
255,2.700127
256,2.343029
257,0.628369
258,2.364111
259,1.967658
260,1.617767
261,1.969709
262,2.494367
263,2.301403
264,1.760140
265,2.272091
266,3.307866
267,1.763914
268,1.831205
269,2.426795
270,1.803121
271,1.741795
272,2.210477
273,2.056268
274,2.111428
275,2.075412
276,2.363763
277,1.405940
278,2.131952
279,2.305419
280,2.287770
281,2.815980
282,1.842250
283,2.260988
284,1.029763
285,1.758858
286,1.867751
287,1.776003
288,2.538066
289,2.338485
290,2.251252
291,1.581890
292,1.558104
293,1.802147
294,2.227582
295,1.762433
296,1.591515
297,2.800462
298,1.397202
299,2.183038
300,1.885460
301,2.244613
302,2.458411
303,2.305040
304,1.462093
305,1.226129
306,2.349952
307,2.099370
308,1.134090
309,2.841723
310,1.752895
311,2.087131
312,2.800460
313,1.143555
314,1.415010
315,0.928207
316,1.597262
317,1.985774
318,2.648466
319,1.629429
320,2.660686
321,2.591213
322,2.478828
323,2.425150
324,1.834099
325,1.532688
326,1.149611
327,2.586979
328,1.796865
329,1.618701
330,1.276655
331,2.304312
332,2.091726
333,2.484294
334,2.428810
335,2.727216
336,2.458111
337,2.459461
338,1.977741
339,2.288260
340,2.003547
341,2.390952
342,1.892071
343,2.196818
344,1.344166
345,2.580203
346,2.578779
347,1.029052
348,2.075247
349,2.924699
350,2.393188
351,1.969832
352,1.595033
353,1.655535
354,2.786281
355,2.523826
356,2.115730
357,2.318962
358,2.369929
359,2.283058
360,2.901211
361,2.607694
362,2.523320
363,1.418427
364,1.620527
365,2.219232
366,2.217950
367,2.178486
368,2.870536
369,2.009439
370,0.922778
371,1.887305
372,2.055207
373,2.896234
374,1.895618
375,1.731216
376,2.517180
377,1.487597
378,1.899923
379,2.103825
380,1.919742
381,1.795508
382,2.220553
383,1.429990
384,1.447896
385,2.115561
386,2.277521
387,1.701061
388,1.624010
389,2.511468
390,2.340013
391,2.280332
392,1.685016
393,2.489273
394,1.879317
395,2.208619
396,1.405567
397,1.889157
398,2.013748
399,1.421081
400,2.235919
401,2.295511
402,1.538855
403,1.768327
404,1.581342
405,1.513329
406,0.857278
407,2.330372
408,1.897931
409,1.561123
410,2.693197
411,2.591334
412,1.884990
413,1.448609
414,1.919339
415,2.450691
416,1.531289
417,1.525922
418,1.113892
419,2.622734
420,2.341146
421,2.457162
422,2.183072
423,2.056494
424,1.928510
425,1.625920
426,1.260518
427,1.849320
428,1.711566
429,2.094210
430,1.624893
431,1.786083
432,1.581172
433,1.536882
434,2.851108
435,1.922075
436,2.029438
437,2.602877
438,1.849314
439,1.398529
440,2.318264
441,2.404195
442,2.854223
443,2.357016
444,1.949854
445,2.543040
446,1.236505
447,2.294283
448,2.088854
449,2.393093
450,0.726691
451,1.789545
452,2.349569
453,2.345333
454,2.378049
455,1.009136
456,1.976496
457,1.871436
458,2.235634
459,2.316719
460,2.038041
461,1.582047
462,2.247303
463,1.282763
464,2.749592
465,2.190939
466,1.669145
467,2.194821
468,1.857594
469,2.111367
470,1.971990
471,1.906926
472,1.624441
473,2.934253
474,1.793600
475,1.893044
476,1.940168
477,1.504619
478,2.410324
479,1.929004
480,2.209817
481,2.411933
482,1.453196
483,2.512860
484,2.392470
485,1.436946
486,1.644412
487,2.239897
488,2.338354
489,1.510766
490,1.998223
491,2.393452
492,2.406878
493,2.059154
494,2.027634
495,2.498411
496,1.440668
497,2.604593
498,3.139591
499,2.078395
500,2.727489
501,2.308963
502,1.452097
503,1.108009
504,1.211993
505,2.700009
506,3.067935
507,2.796046
508,2.085608
509,1.856309
510,2.832857
511,2.243186
512,1.601850
513,1.765819
514,1.818021
515,1.550313
516,2.449121
517,2.285689
518,1.908554
519,1.025775
520,2.072012
521,1.465285
522,2.092391
523,1.050438
524,2.209548
525,2.734616
526,2.432230
527,1.959680
528,2.769655
529,1.822411
530,2.021878
531,2.193630
532,1.441872
533,2.451083
534,1.242228
535,2.159395
536,2.057354
537,1.595551
538,2.359556
539,1.675356
540,1.980799
541,2.637855
542,1.779557
543,1.333653
544,2.192183
545,2.648763
546,2.264150
547,1.936341
548,1.501520
549,2.325906
550,1.836060
551,1.668955
552,2.257623
553,1.509400
554,2.040329
555,2.120059
556,1.979403
557,2.088219
558,2.707724
559,2.360035
560,1.468969
561,2.490040
562,1.585590
563,1.771190
564,2.082960
565,1.809623
566,1.931377
567,2.185720
568,2.258594
569,1.702015
570,1.979806
571,1.565165
572,2.783932
573,2.868394
574,1.978640
575,2.045816
576,1.722161
577,1.241431
578,2.079849
579,2.471771
580,2.290884
581,2.789872
582,1.975296
583,2.291941
584,2.039978
585,2.152140
586,3.031272
587,1.826509
588,1.630146
589,2.099788
590,2.453406
591,1.814744
592,1.784245
593,1.462041
594,2.104061
595,1.991504
596,1.980704
597,2.407412
598,2.550372
599,2.000890
600,2.676524
601,2.458847
602,1.429546
603,1.797732
604,1.792578
605,1.963080
606,2.646814
607,3.370958
608,0.735849
609,1.817136
610,1.906994
611,2.010852
612,1.189299
613,1.944636
614,3.182638
615,2.020906
616,1.997463
617,1.455818
618,2.225523
619,2.088846
620,2.335124
621,2.414396
622,2.711520
623,2.807666
624,1.969266
625,2.499696
626,1.512887
627,1.677328
628,1.221841
629,1.407520
630,1.579850
631,1.559524
632,2.328551
633,2.120859
634,2.605387
635,2.165475
636,2.651648
637,1.763684
638,2.972735
639,2.481427
640,1.411161
641,2.337794
642,1.506220
643,3.087158
644,1.504687
645,2.415517
646,1.185146
647,1.622944
648,1.153581
649,2.106001
650,2.033034
651,1.696359
652,1.874341
653,1.943645
654,0.905306
655,1.741438
656,1.738779
657,1.743233
658,1.953127
659,2.353893
660,2.396446
661,1.396158
662,1.881572
663,2.153840
664,2.528389
665,1.263898
666,2.351286
667,2.048815
668,2.529214
669,2.278971
670,2.253230
671,2.216990
672,1.366266
673,1.745896
674,1.745132
675,2.344154
676,1.730819
677,1.640909
678,1.886373
679,1.782382
680,1.873384
681,2.833993
682,3.023586
683,2.094531
684,0.976920
685,2.465921
686,2.242555
687,2.465417
688,0.826129
689,2.093100
690,1.361787
691,1.156608
692,2.342547
693,2.909907
694,2.320353
695,1.659419
696,1.990533
697,2.328546
698,0.461987
699,1.970962
700,2.439089
701,1.969785
702,2.603541
703,2.742901
704,2.208865
705,2.948001
706,1.464062
707,2.407966
708,2.459476
709,2.075368
710,0.858971
711,1.518146
712,2.407819
713,1.931109
714,1.944891
715,1.608308
716,2.799626
717,2.055600
718,2.559740
719,2.643822
720,2.181459
721,1.755629
722,1.411165
723,1.915540
724,1.398655
725,2.506084
726,2.224637
727,1.929172
728,2.601972
729,1.449234
730,2.289393
731,1.632357
732,1.483141
733,2.249890
734,1.216548
735,1.974660
736,2.006261
737,2.493400
738,2.225272
739,2.466631
740,1.928247
741,1.296189
742,2.312542
743,1.714143
744,1.237617
745,2.085462
746,1.698058
747,1.964233
748,2.843477
749,1.817947
750,1.538078
751,2.217709
752,2.462408
753,1.476890
754,2.332822
755,0.723751
756,0.688300
757,1.603575
758,2.111895
759,2.033933
760,1.908739
761,1.430433
762,1.362083
763,1.805078
764,2.120434
765,1.300651
766,1.390586
767,1.999792
768,2.458395
769,1.688598
770,1.858756
771,2.074697
772,2.264779
773,2.380635
774,1.999933
775,2.059064
776,1.969011
777,1.749800
778,2.495094
779,1.687389
780,1.325437
781,1.958032
782,1.918705
783,2.278271
784,1.444314
785,2.065163
786,1.678515
787,2.267812
788,2.626206
789,3.132382
790,1.686876
791,1.612556
792,1.450399
793,2.510420
794,1.844988
795,2.314882
796,1.965085
797,2.595717
798,1.783343
799,0.728169
800,1.570690
801,1.788465
802,2.218529
803,1.777052
804,1.691706
805,2.423305
806,1.899433
807,1.679141
808,1.899563
809,1.475860
810,1.452470
811,2.187175
812,1.409637
813,1.334788
814,3.136368
815,2.563121
816,2.624210
817,1.719169
818,1.572071
819,1.397337
820,2.178303
821,1.720735
822,2.624505
823,2.152907
824,2.743470
825,2.553135
826,0.613352
827,1.433244
828,2.132041
829,1.401220
830,2.007727
831,2.542939
832,2.055804
833,1.971766
834,1.955158
835,2.940000
836,1.432140
837,2.073817
838,1.863189
839,2.172461
840,1.594990
841,1.522628
842,1.801756
843,1.354385
844,1.873338
845,1.644309
846,1.663633
847,2.931829
848,2.387071
849,1.859730
850,2.045714
851,2.279639
852,2.052227
853,2.031149
854,2.636497
855,2.272454
856,2.243437
857,2.736090
858,1.254888
859,1.929649
860,1.493703
861,2.362098
862,2.353212
863,1.686841
864,1.985143
865,0.560602
866,1.821243
867,1.617634
868,1.406367
869,1.657766
870,2.179110
871,2.293321
872,2.322007
873,2.086874
874,2.892230
875,2.467402
876,1.367454
877,1.887611
878,1.983728
879,2.417476
880,2.362476
881,2.098164
882,1.733722
883,2.494250
884,2.227388
885,1.215798
886,1.575237
887,2.376739
888,2.916598
889,1.848449
890,2.313741
891,2.132842
892,2.060658
893,1.559075
894,1.545170
895,2.587979
896,1.705206
897,1.201626
898,1.779822
899,1.853118
900,1.944060
901,1.875944
902,1.817282
903,2.307082
904,1.803044
905,2.240466
906,2.839958
907,2.113864
908,2.942005
909,1.762457
910,2.028773
911,2.680272
912,2.692761
913,2.663481
914,2.576461
915,2.768887
916,1.685660
917,1.829115
918,1.855763
919,2.061298
920,2.502548
921,1.567138
922,2.401121
923,1.567200
924,1.574259
925,1.514608
926,2.388685
927,1.547755
928,1.817668
929,1.437484
930,1.093480
931,2.605604
932,1.468872
933,2.301825
934,1.726104
935,1.618111
936,2.573781
937,1.824980
938,2.167009
939,2.122224
940,2.097023
941,2.035794
942,2.127688
943,2.018027
944,1.191005
945,1.933090
946,2.687060
947,2.403944
948,1.519037
949,2.119225
950,2.000669
951,2.154510
952,1.854620
953,1.996743
954,2.115492
955,1.898859
956,2.093482
957,1.513071
958,1.953911
959,1.602540
960,1.652319
961,1.828931
962,1.979728
963,1.587185
964,1.968194
965,2.798164
966,2.430547
967,1.847124
968,2.768964
969,1.990937
970,2.090855
971,2.949501
972,2.352316
973,2.462913
974,2.332042
975,2.583049
976,2.673996
977,1.455838
978,2.473084
979,1.446905
980,2.600741
981,1.398421
982,2.504141
983,2.365205
984,2.121686
985,2.564549
986,1.637236
987,0.955314
988,1.133392
989,2.429886
990,2.087253
991,2.172855
992,2.313086
993,1.413565
994,1.978657
995,2.600583
996,2.790989
997,2.167947
998,2.404114
999,1.947622
1000,1.716206
