2.131131
1.642229
2.561675
2.27354
0.880695
1.933525
1.757734
2.376749
2.800552
2.570151
2.18693
2.296312
0.785526
1.93575
3.007261
1.760115
2.211014
3.085429
1.928593
1.375802
2.147058
1.947269
1.342152
1.592237
1.870652
1.819059
2.338678
2.040541
1.912707
1.72982
1.425584
2.428788
3.604822
2.053152
2.197221
2.777286
3.031994
2.872012
2.027936
1.589385
1.569999
2.502447
2.212349
2.964331
1.388476
1.223985
1.846709
1.345734
1.739114
1.885988
2.110829
1.664086
2.220097
2.523861
1.186022
2.692996
2.504823
2.025688
2.449464
1.854554
1.940493
1.545577
1.209671
2.558472
1.085668
2.365896
2.583286
2.224947
2.275557
2.090692
1.508987
2.957321
2.234187
1.604149
1.328577
2.404498
1.97569
1.856806
1.948896
1.443347
1.868144
1.740779
1.751104
2.270722
1.626796
1.450372
2.422955
1.89884
1.486459
0.907055
1.606245
2.617584
2.065321
2.328712
2.389998
2.030302
1.42801
1.374469
1.602313
2.761314
0.944497
1.23674
2.902349
1.193712
1.810647
1.66255
1.808139
1.673062
2.375189
2.661771
1.901505
2.421636
2.384641
1.598664
2.817984
2.226531
0.894655
1.313257
1.828606
1.528113
2.424163
2.397216
1.827619
2.43065
2.375096
1.835287
1.925602
1.512756
2.730369
1.701636
2.287082
2.175851
2.089396
2.24132
1.871421
1.844461
2.433103
2.074512
1.697002
2.339773
1.863772
2.101666
2.212964
1.748358
2.375415
1.88805
2.567933
1.872572
1.898415
1.117983
2.11676
2.227422
2.17651
1.538571
1.651169
1.799487
2.711881
2.663017
2.160083
1.644709
2.488174
2.11733
2.029424
1.695419
2.143081
2.313481
1.843143
2.307258
2.192229
2.283382
2.282589
1.6575
3.225286
2.101979
2.393172
2.352029
2.990364
1.956992
1.490339
2.299018
1.37077
2.467843
2.355999
1.731171
1.544354
1.355474
2.055765
1.867128
2.617468
3.052411
1.771222
2.143168
2.544938
1.96494
2.016155
1.64216
1.276451
2.302235
1.925515
2.03143
2.201565
2.199744
0.67809
2.140614
2.581383
1.3096
2.421722
1.610754
2.069824
2.441988
2.809831
2.874081
1.357621
1.805664
1.766891
1.971594
1.610237
2.563838
1.365691
1.61619
1.16896
1.355328
2.494797
0.99261
2.371972
2.478124
1.976289
1.390823
1.831807
1.84165
1.780303
2.47282
1.592701
2.794964
2.591124
2.366778
1.84182
1.951555
1.544571
2.020582
2.319036
2.332349
1.159906
1.165757
2.421585
1.74508
1.735384
1.52854
2.387465
2.28776
2.45859
1.420575
2.314801
2.674794
2.382853
1.883977
0.991469
1.67315
1.50021
1.71077
1.86219
1.205203
2.268204
1.957076
2.770642
1.940566
1.80085
2.682891
1.502003
1.566975
2.335247
1.683166
1.605442
2.864974
2.263063
2.212951
2.112826
1.815078
2.440022
2.472234
2.502562
1.061498
1.727385
2.521244
1.952633
1.768229
2.777153
1.546133
2.083384
1.160675
1.822445
1.789915
2.454048
2.848796
1.636371
1.15789
1.970704
2.395098
1.362009
1.855291
2.452685
1.709702
2.16822
1.929925
1.529205
1.90696
1.462309
1.915776
1.789591
2.006991
1.046129
1.546314
1.648084
2.953862
2.127439
3.044905
1.113294
1.78006
1.688644
1.131993
1.778361
1.250242
2.418466
2.656738
2.343187
1.56886
2.15378
2.084471
2.369
2.716413
2.139238
2.452176
2.357054
1.778788
1.937639
2.506911
1.322521
2.834295
2.066643
1.641981
2.001225
1.019601
1.836261
1.641366
1.979219
2.542848
1.95987
3.255517
2.110238
2.524216
1.375663
2.582935
2.433651
1.903438
2.929219
2.866753
2.468884
1.317694
2.868595
2.4188
2.315876
2.181997
2.651942
1.403477
1.272772
2.439656
2.293809
1.529342
1.640549
2.800577
1.730251
2.171735
1.923769
1.767992
1.785642
1.649218
2.755496
2.605908
1.561167
2.753183
2.429875
2.731925
1.270752
1.616642
2.161511
0.674698
2.33733
1.289755
2.72623
1.955961
2.471876
2.629712
1.450303
1.711845
1.57361
0.901235
1.988549
2.269931
1.783842
1.336503
1.529181
2.279802
1.628884
1.734004
2.667821
1.500319
1.697915
2.503933
2.575593
2.101453
2.197332
2.270349
3.158051
3.238087
1.901944
2.303719
1.781387
1.856326
2.348495
2.17503
1.817199
1.275167
1.892811
1.462314
2.052384
1.953324
2.600766
1.713671
1.601644
1.728442
2.146224
0.982794
1.565287
3.32714
1.990003
2.130077
1.584151
3.364821
2.431996
2.015012
2.506697
2.389686
1.439604
1.372318
2.487471
2.350451
2.321667
1.513053
2.311395
1.321092
0.554452
1.855176
2.36891
2.847793
2.101207
1.925073
0.914765
2.494757
1.822887
2.456738
2.411026
2.30514
2.080132
2.488525
1.857398
1.853847
1.954939
3.073081
1.571748
0.989886
2.389506
1.167151
2.550406
2.533514
2.0695
1.644969
2.574942
1.89646
2.623451
1.240288
2.133708
1.638364
1.944376
2.198068
2.021086
2.221939
2.79656
2.172399
2.471477
2.374837
1.944422
2.327555
1.752878
2.489485
1.816761
1.84697
2.832728
2.271603
1.830509
1.74322
